15549
26045
26997
76530
54564
60031
35690
32006
76630
21981
96715
75143
98850
89735
24359
26143
69056
38506
69939
11640
54082
57508
88917
71421
67841
63336
15532
38283
93045
54853
69681
38418
87670
30698
57629
65388
66967
65615
45390
69468
66143
59000
63853
25768
43455
62124
77507
74683
69688
85626
27395
78517
66294
13840
84744
42609
41840
16810
26064
53058
63731
40451
67252
34672
43499
91209
44755
86209
70162
38028
71500
89572
35882
66939
49586
27441
35168
91976
30480
87019
44221
32297
95458
17340
73071
78623
18302
10616
71905
62635
39609
95809
52313
41138
66876
21933
26961
49683
57687
46008
12642
53474
36053
40037
49987
76410
64468
32850
25724
93068
17712
88518
92368
96112
10739
37062
14110
14201
64140
55159
83681
86306
61473
32594
57521
42710
24545
70035
75664
82081
86024
57555
62207
93073
52947
62111
32713
58982
25756
86575
24999
63980
26640
82150
43098
68677
20143
75193
34556
41703
59149
45502
84335
81947
50069
63209
33165
21353
85556
32159
76934
39417
62984
83995
44369
93672
62929
99498
38020
58107
77796
51111
74153
73800
81424
92152
91034
60499
27425
45563
77894
85637
76282
31575
67556
91270
46457
78928
17211
94707
14836
41116
43214
64680
65853
16665
22649
63058
88434
27557
38815
82959
12697
93850
35840
61969
30991
87533
61810
60302
49754
95157
47730
75945
26130
19579
76769
68503
57934
36436
44777
12783
64029
29632
57928
70259
53372
47145
26359
45368
39389
40331
55873
50443
10000
21099
65338
63489
61942
29471
49999
53677
75798
17273
52601
41501
10226
57827
82767
99007
77294
29324
18355
99253
33545
83820
92413
47887
90466
96599
70303
13705
53323
34911
98656
41743
70165
60649
69428
76713
29077
57804
13045
64954
80282
59262
16382
77557
72486
58979
94129
46522
63687
97948
58521
11009
18901
46128
42288
30820
11115
63770
11829
56452
90833
20576
73848
33138
84379
90428
74760
89253
98868
20626
11919
42902
51541
12701
19086
51803
68805
58602
35010
66509
82543
46337
77490
95632
24941
76839
42542
53910
81342
73829
35029
75042
52701
22735
29330
97848
58818
87389
37548
35777
56829
48844
61223
66325
15890
26616
59235
43946
56846
70678
50741
56628
37243
59767
54457
26122
51670
86716
36051
24848
68205
29286
83746
30980
61713
65996
80791
82592
47356
19801
70946
64195
72172
12260
97332
10641
14078
28441
46087
44439
61025
41796
62948
53213
48936
49625
95610
99903
65012
55706
94355
71173
10632
28662
49469
17817
22328
37183
61962
38775
12474
78117
99071
54203
19550
24054
91668
47131
68862
93036
27247
48744
81298
87101
15911
86400
67074
27416
17648
43743
49249
44459
45797
77507
83401
35433
19268
17650
35655
11971
20842
15459
34153
38799
59563
24374
38989
22577
65039
42020
98184
36017
67350
75848
78762
34468
79372
28343
44718
86321
22524
40955
56328
71918
64620
42606
43663
15286
79462
53552
75407
11037
57283
79057
29872
22522
79469
73994
66735
18997
35288
37183
53635
86339
83696
69575
64572
96416
65633
62681
26204
28274
64373
22260
23699
87438
42540
82709
81578
70943
50773
25691
86268
97223
58784
67101
32693
38466
59565
13187
62480
76300
62201
35066
43444
82745
72146
77238
70346
81842
78515
55432
66239
95261
54391
14894
35723
82194
67313
13376
20707
36352
22637
31486
54934
78624
77738
30498
33278
37814
19629
65207
13892
90045
48957
12963
62739
94720
53383
20941
45830
15084
75101
79012
36584
81895
83479
82921
52594
47859
38141
57154
95016
90506
89225
13871
69753
84953
24545
44498
88751
77833
70918
54501
41403
38896
47058
76720
60843
29114
75299
72539
27067
17117
98325
87260
18093
10203
94569
13598
61242
34337
92642
53970
73989
80284
68230
51670
66618
33425
19944
43709
30925
88879
52692
27700
49112
32882
16610
43225
44458
52075
82748
17473
67368
16232
60722
23277
99072
90500
78676
27805
28732
58424
71493
23964
52535
50757
73580
70356
47539
20693
59885
33974
97399
29276
76917
90494
86076
65325
36682
74894
16087
89157
55891
43325
59651
17741
64098
90825
80617
71339
19246
39597
77471
23168
39066
32577
52060
58300
97106
82410
32271
64335
80578
27852
71847
22777
46927
34969
64253
28926
93225
31699
86308
77956
92428
98364
73367
32576
53321
40215
65586
53885
86516
23640
37067
41437
39471
28332
26216
23885
89372
49116
19459
61141
95539
59988
88778
22206
98291
89192
38017
48712
72231
85155
67225
10907
39921
80901
91787
20514
58160
76444
65588
38869
66181
32744
11659
76113
22251
12961
33901
85731
26192
23778
13192
53624
41450
61581
69423
27250
41402
58970
49761
52608
78030
64809
26640
89852
87808
61948
12689
81789
78384
44362
67097
38275
21146
88004
28180
44051
18292
15741
47654
14761
38010
82871
81854
25255
88928
15174
95678
52542
11001
18396
69793
12196
81221
35331
84298
23854
66728
64256
49111
58107
57061
10966
18870
43019
32106
59445
72229
13552
82448
10907
56939
40091
36632
88283
73289
93145
96551
87915
98063
85315
10000
22982
56019
61250
79878
62162
97066
45638
11549
22333
57430
58520
96355
75185
13560
47470
71964
65681
18866
71714
26458
53550
56057
64863
20198
34289
20405
22606
79151
99518
12831
84730
79520
25428
96114
63213
47742
29071
14053
97609
10034
14952
70125
51053
67572
40866
52684
31855
53472
45095
73996
97166
87458
58281
12453
15255
48587
55380
96685
92947
11661
62620
79237
76595
50671
40278
40724
48373
51603
12639
18046
64655
40046
20729
39916
85296
85641
10317
99249
10936
12346
10238
34180
99628
61082
27616
66602
34434
13215
41714
57369
77913
39007
53423
67806
65939
23049
68109
15895
40862
63265
54966
49662
63477
21855
98312
78044
53352
60944
10584
88887
12565
75649
81116
63652
27385
37110
99894
41649
52715
44578
44144
85249
51882
82661
23248
69564
98711
82126
23464
19287
25074
17477
68088
58547
60752
86474
25767
22573
10722
72854
62559
57538
75920
48262
31921
40412
73901
85400
95557
36543
43391
90382
26940
87284
65960
15791
69232
39363
34077
17676
78582
99401
78195
17172
96408
58326
88996
18564
48752
43895
45715
34333
23751
59776
79514
82923
22692
39901
21824
23697
52207
48520
32453
36214
10347
45530
20434
51630
99292
15842
98138
84703
53007
59688
31771
75018
56278
22887
93155
91935
41542
62885
49057
22421
52572
93567
59146
54633
53519
54178
27519
34757
67570
20575
53745
64309
46644
28900
89132
42253
34388
34974
14964
64021
37112
95664
94131
40815
43028
86799
30734
76503
52752
31977
84312
85335
29277
50367
51202
90882
41471
52351
79832
69182
13592
97617
51218
68876
35182
13386
14261
11753
83228
47366
78752
50306
76689
14648
82931
89921
78701
25967
45410
45363
16544
56480
35492
33357
71886
88431
43887
95200
34562
51350
21688
81742
63260
38557
83474
47379
42990
25648
87483
88695
65214
51882
95262
46332
70081
15508
56508
71015
34757
20098
56121
54568
17509
16534
54480
22571
93483
40519
18266
93996
36199
38022
30317
57186
27423
37184
75759
69515
53823
37585
37222
94381
90680
83284
97630
33100
45518
52604
92305
91822
75208
90029
71136
66213
85045
44264
16364
50311
80628
71743
34875
66502
87363
54965
98915
70709
92622
65952
19730
79141
74335
25079
62463
64315
54727
96253
11999
19314
26388
36518
60765
79139
72200
10227
61139
80420
24046
63551
34290
72016
47389
68075
80393
98081
14662
78118
40592
74805
97661
87358
14426
62994
56864
65105
65392
10114
87042
25987
91936
84368
83571
85642
60821
14676
50333
85330
86792
95172
88194
76263
51459
20192
97475
88758
61427
78562
73559
84772
50800
75522
29866
16972
88329
48935
73440
37601
36766
30869
68985
78124
40158
38447
52048
36637
53836
12864
47736
17165
48646
24017
36738
42224
40747
26910
87300
65037
63789
21334
53163
26895
28250
20753
53743
61078
80135
18165
90686
69932
23616
55864
46179
95962
74865
45051
16862
59056
82591
88055
59253
16097
99282
33189
10517
26037
60630
13261
34938
92895
20353
54106
52274
75566
98283
41516
90016
60749
55446
46758
20600
58187
74288
89439
18870
36653
55753
62322
65533
62413
81017
15859
97749
12425
48448
64933
30198
26728
10992
26010
28994
81788
38528
13650
64761
11891
18433
10180
89864
60218
38518
46857
50434
61042
79850
32487
75123
18167
60478
55640
46438
63874
68059
22363
48543
46711
85692
12807
78890
57663
13970
83084
67699
44805
33234
42360
98304
80648
83444
62115
44419
37652
60651
20793
27104
53577
50419
39924
48000
18708
37715
52913
44113
65209
94926
17662
99765
69334
90150
83120
10930
89400
51213
46894
23746
67769
81681
39925
59612
62321
28451
60514
70403
54737
84035
97543
81555
35552
19764
73530
19273
20263
22209
46354
87885
43997
55527
69444
55274
45312
22593
85027
18794
83705
88552
83470
36164
33461
16596
65817
59865
62514
68255
70498
18856
71022
31996
94223
27884
15800
59233
71648
86628
39725
60399
62207
41479
19754
10266
74982
44590
72275
25227
68133
79209
18379
55705
88112
47863
71008
11704
32924
60971
87437
81927
20503
78508
50552
97143
17295
84341
45213
99641
37015
59923
27586
70380
99642
65180
75170
23683
15800
78521
84532
13084
44534
10134
22105
30420
12542
93037
92271
71111
85270
57993
48755
38007
50985
12068
57895
17386
23525
45188
34702
16173
61585
31507
18749
75616
93354
12211
21597
68766
16333
68345
24955
67163
39354
60897
20745
17853
66307
41488
18434
15367
21184
72552
58564
37489
31646
85103
60215
18473
50968
49643
62551
33789
36535
56063
50790
81881
66056
37623
99964
45982
73218
70219
16433
36518
77782
36041
62378
83316
69623
47180
66944
50036
31626
58738
35393
68645
90405
57461
53796
33026
26681
18941
46984
86478
14336
45101
83167
84375
59355
99167
58639
81237
77519
44494
36184
98015
94940
63740
89641
30043
14133
99751
60364
72939
87872
44392
27217
63419
76593
57744
36262
62568
92081
24945
77493
82222
44437
58380
92648
12399
49696
84174
25495
32354
29230
16324
21748
59711
28325
37907
84687
68391
95474
61598
94023
28601
48393
25571
26463
12384
75922
20759
12650
17338
29425
94951
42719
54022
62158
81472
35834
49484
37771
18572
55637
50914
14840
88120
62934
72948
83158
15738
26775
28266
61626
54560
79604
95101
27631
29106
73075
67067
33366
86877
78678
46103
81298
83143
70115
93554
68574
81602
40923
13582
85856
12662
22444
36676
73913
53089
32655
37611
59653
77325
91471
14032
22210
68984
28970
87365
54049
16825
57245
26415
95114
54841
55834
24234
81739
64745
69990
28574
31999
67391
91408
66162
15513
46187
14328
74926
96863
29669
82143
57751
22205
84833
65727
10299
90008
96040
49379
62124
56064
66996
60848
52064
24004
45184
22477
27983
61691
37120
32917
81269
93798
92263
49019
19048
31182
12292
91921
66435
94247
19507
77417
95606
13742
73506
42374
54616
29807
64567
39067
54502
61340
39439
46213
28263
25493
84489
47425
16392
49113
29747
69683
52036
69248
69432
22549
47437
85505
41214
42542
55057
44070
75759
26504
28270
10506
76038
49052
51662
22444
79320
43899
29884
99794
84436
59159
17568
13360
68390
54565
17467
85323
33477
18721
36316
84764
89868
48946
26766
49323
56967
37120
41906
46896
56281
33182
66633
30311
35459
26967
46430
52969
41046
63199
90120
57022
35519
25883
99871
62924
72610
59466
35105
19058
21175
53112
96322
16351
53842
51883
44961
63202
79506
67433
53293
61328
11345
97324
67360
90537
44025
91394
76847
95059
22485
11538
95492
62943
55666
63546
61542
26659
18087
10876
68891
59573
20801
21324
47289
97482
65037
84588
42348
96766
39727
19844
54190
26318
16628
89369
25669
39468
72940
46716
38788
81752
78698
45932
51589
35442
24436
71234
11060
23611
45107
50413
12789
56747
84247
52783
21054
94944
40198
36837
94162
24236
68558
68577
53184
57389
85333
12255
23724
37485
82308
98102
69232
77627
34801
13205
96605
41981
37569
61170
15924
17713
52106
56051
79093
18814
33497
37342
14327
11967
74808
14726
10080
54245
12863
83457
37349
34699
44942
33466
69276
69590
33679
12319
62468
70745
37252
69941
82074
71155
76431
36085
96179
90515
89312
64280
76324
22430
47301
37814
63439
75390
35908
62107
54820
14446
10943
90583
44287
35838
62178
13098
43312
74262
66819
18944
11869
95795
23362
63096
27043
78074
40998
65036
24785
47527
71645
66633
30844
41965
61073
57061
88221
27927
62430
79785
32379
34261
41677
61522
35968
68569
12685
59573
57813
78074
39977
67593
69855
89493
62361
55441
14617
53335
31293
48930
67129
60526
88995
21233
95498
61459
74777
37723
28738
15745
21188
19162
48839
54949
61777
96404
93786
85036
50945
22694
63849
20148
65867
13656
98719
97905
83365
34491
49857
69602
35797
40398
42746
31220
40186
15086
57922
19118
12968
20834
21151
23038
56615
62780
97409
86573
48880
82940
26676
61382
85913
64196
78444
65716
94615
40481
52765
97193
47461
13517
30263
50911
93989
58696
53255
50065
60082
48845
21232
15096
81587
66332
97358
62651
10057
83313
44858
24265
11229
76539
75560
19876
65764
59278
45520
63930
41888
27201
42266
51017
73148
82005
24228
55724
26757
68157
82108
55399
78299
29312
50577
64170
33003
43726
48452
64471
21754
26415
47036
32653
71959
30450
90476
75781
75717
76376
77235
60566
16145
82462
82617
27692
90525
21653
20265
15385
77276
36648
14231
63688
32572
15780
68503
59604
89968
89480
36124
57038
94518
82737
91428
61004
81782
93331
55805
71783
24851
57698
35227
81369
70514
59760
29308
29665
27720
87247
59558
33095
22631
52836
21142
27787
70574
70849
14548
31486
37104
93963
96588
20730
88813
32972
28989
32856
79736
31877
73252
45910
67267
13059
79092
47119
61518
48309
48173
14199
94323
20396
48391
11907
73617
20442
67092
27862
29161
89193
54253
11413
26564
84317
25600
48094
17757
90315
78575
89882
37299
36891
73992
12144
54494
53286
48151
89720
43609
89828
76181
82842
83609
99777
58755
71801
33729
69946
83589
64010
75954
70999
46666
50808
51946
66328
80777
20482
55863
85131
22566
60091
41978
10349
18145
44650
38494
14987
37845
58121
27124
66226
14081
36937
36425
42436
26800
95449
85503
29683
42025
41411
62593
60717
74510
20250
94840
51309
19445
85293
30877
24903
72666
99753
85849
54630
68039
80497
48041
44957
46462
13869
79932
53002
95299
73467
13572
55846
30507
28330
54302
45624
23190
14665
69219
59672
86580
12129
40870
70973
51382
51887
59178
88809
32255
26097
52283
52968
23016
67745
39819
69093
46433
46855
23750
85684
44668
46906
62805
86592
89452
25343
53778
50027
76775
19783
57603
84648
10230
10538
50196
71144
90712
11591
34066
90214
68104
90840
95991
14465
20877
83533
19921
27553
44629
46702
95809
13811
66459
69724
83322
20369
59945
66460
59237
62269
72596
64960
60625
73232
19580
51307
48616
85498
55508
21272
55765
98729
22542
43096
97713
69613
53304
41864
75266
12547
74678
24757
97902
42797
93818
45529
41440
44483
74846
93746
36603
62629
88575
32126
56869
39188
24381
49957
34164
28283
41052
72565
61749
75922
44118
62233
76699
64578
88619
41193
79463
27336
85935
23696
54866
80206
39175
87765
19841
42202
49371
36502
17393
43124
89699
31836
71677
90157
89221
89815
39157
26272
25661
63903
98484
41661
73904
85861
35774
60521
91451
73759
30580
45947
81748
19441
46931
79418
17748
72602
31004
24637
29550
78216
64486
18123
51116
15430
68149
47223
23790
82882
61086
17579
41998
78861
53971
69287
64273
51936
25247
12640
82315
62306
18563
45390
94745
20342
41710
23571
87379
22433
59904
79624
78979
48275
82924
89471
55955
40247
71985
54241
81080
47874
74339
99675
38852
96518
22513
57357
92394
81838
36799
20272
72335
39393
88545
30860
35479
48269
92407
59689
59162
77491
93012
38966
44750
95052
50653
40468
24201
24062
48401
64857
65925
60122
23723
18267
89770
24705
47419
38731
89557
87320
73202
92010
33130
75648
20747
12121
87825
87047
17457
12651
60878
23797
48063
82558
53854
97495
17509
37731
25898
76751
13386
86046
45816
85146
37811
87367
60016
22689
82878
87274
85181
78266
65546
67104
25193
66377
53817
13507
11138
95128
60711
78100
14313
16976
52052
58722
87888
83369
19376
38721
30915
82106
64421
22423
56881
88856
60365
17711
65854
74982
46237
45722
80628
26047
24312
75439
12064
16180
82552
81860
49003
99765
10636
80097
20392
87188
13378
52014
81048
33784
33530
60852
42776
85158
55480
32367
32989
26176
19589
29251
76883
80886
34372
66478
18593
98532
84389
63528
52412
67901
39539
40542
42029
57788
25432
56601
14809
51417
81647
34307
82534
52990
35206
39640
93529
38038
62091
73920
14517
94951
21668
47518
83691
81305
11027
78604
61412
35602
83674
12553
51231
66807
96224
49449
99824
53159
77266
65344
20513
99419
11645
15140
97803
50971
24567
16889
91085
37111
69161
26872
39947
65606
62144
77514
34901
45486
78987
98323
39134
27579
70742
54029
44683
43463
59330
22684
58051
52294
43793
66865
47402
83079
92380
87002
57971
20349
72949
61006
69074
18751
90168
60157
79205
82796
27136
67928
37911
77651
62152
96372
99241
71913
41103
39400
47032
24554
74527
68521
56052
47377
62671
12407
98084
80173
66158
92408
82804
10716
30178
43292
90151
66354
19547
12790
55229
81620
81071
21405
34367
87764
11907
59421
90642
63927
61978
87843
52972
35153
79810
80196
78533
50791
51147
81046
39290
79526
72014
21072
22510
99149
10567
65875
37744
12283
32579
30253
13474
10282
16872
26765
40466
92733
45510
77030
39073
65523
27850
33130
20741
87173
22063
52336
53969
64434
39417
19745
62590
80001
52203
76538
96870
68782
87478
90185
45110
23211
57650
83038
44285
71180
18969
17912
42832
36358
27498
67961
33302
95233
66185
73566
61922
46062
50320
60349
12869
98764
95167
64852
85810
82522
20771
82269
68615
40390
46573
68440
36483
78553
19911
59980
15931
37238
49544
89265
24158
95264
60319
17459
40765
65864
75514
62080
22752
18407
52211
61795
98101
96515
90444
51404
60200
18597
63277
15024
17399
71669
65047
62945
50615
10162
88513
74337
93404
83263
42680
59527
60497
43196
70896
34002
92134
12059
32261
61033
15914
62895
62681
70384
23714
67177
96417
88088
23759
53140
97426
80390
25227
62787
63744
91750
62335
87885
34721
83006
76997
74433
68555
97893
52222
19434
94123
80616
71828
28389
99914
38593
28223
95638
39543
83102
58028
23140
63594
45058
34460
55725
78001
41101
80140
90883
95428
76523
84755
72738
32566
28340
99367
49950
56462
74108
61753
41601
37071
92569
70458
42274
15540
53452
30368
90779
66663
37100
43495
27317
38791
51142
42765
98886
20990
96571
16598
32756
41132
32184
66932
21626
48448
84062
57626
48762
33333
87502
64804
63488
68673
86005
15241
62275
66412
74460
66651
99551
13143
88439
53546
41345
77165
41672
22340
22649
67750
45133
92158
34584
46284
69126
31402
55436
73535
38601
65927
67859
54176
60343
36067
66427
18684
61603
53037
19568
44466
12715
94714
52171
95362
84171
30527
21199
61999
58808
62840
51017
47809
11547
53080
79314
88229
99476
27422
67639
97265
19526
42489
26010
97953
97363
26759
97275
41288
49405
21680
79697
47577
26695
61721
79388
85437
44568
63916
44681
98868
95859
91585
65559
99853
17831
27360
15081
50370
90014
38670
19935
10319
93978
68300
22608
59151
82962
49318
65849
97157
59249
65406
57031
97066
38618
42621
20206
75555
65697
56623
62682
95645
98384
56848
23319
97006
87077
98641
30149
57653
56833
79515
49862
56889
82200
70323
73789
56605
56194
55615
43210
74967
25918
40072
13722
58551
27754
60200
22004
50364
45416
61631
78732
66782
86066
28229
47712
19076
97456
61415
41039
98786
44440
81956
46558
99967
84434
21257
62959
64454
70947
96233
82916
91070
83599
81392
67697
65497
73070
16625
39061
47192
82692
12339
66399
10256
98616
83767
42572
28133
12499
92235
37766
98786
21019
84197
54236
12136
11563
41386
97382
58479
50732
69948
40367
54089
77514
98405
66959
36763
56911
54685
40508
54277
34038
75653
95653
90942
44213
36989
68446
88860
69482
79302
29608
56914
12873
49726
86193
79756
36440
35258
54874
75287
88674
11449
17072
85281
47354
74683
69226
89047
17513
32598
73961
54361
51906
26021
33295
81246
47640
94172
48909
75163
87956
85985
64330
16196
28886
46966
11485
25085
14005
52577
79368
87924
63595
93089
46358
86190
70113
58079
17362
56034
16015
13600
80097
69977
19147
97511
47341
28887
79128
95032
80554
61069
93737
98559
43544
63319
71535
70879
82991
91371
83772
84412
59335
73325
13036
82099
82147
18485
67653
89025
37314
26345
54416
77514
99187
28775
77649
15247
61118
25193
89062
11041
91903
39329
42415
81004
22728
89303
22069
10404
52592
75932
10918
47346
84904
15269
68632
32142
31133
93923
17321
17063
49085
28337
27706
68567
57537
52329
85295
16707
91308
90195
41985
31506
94433
40658
83114
58523
25361
44554
49168
49295
10806
60989
53840
36629
72055
63005
77505
72755
27157
48034
18894
63257
66121
61316
48746
76335
77303
19839
87904
98226
85466
28390
11383
17953
47064
33899
39460
63272
63003
90381
19662
54016
45383
97903
61455
36956
22889
65147
97259
63630
51725
50723
45020
70975
20528
89635
62890
70714
76516
51271
37444
48441
46226
54242
35178
82253
90126
92857
11015
57243
40100
78386
23304
75512
17593
28664
36218
64344
91996
53410
48747
11989
49469
34589
98365
77536
99709
43455
61605
78824
89580
76808
26653
69517
60655
40249
72811
79326
18061
21105
16598
92196
58848
23848
44107
92204
35195
72553
96998
70798
46763
28498
14664
21407
47509
29167
51384
71994
65566
21615
38004
59132
45934
14970
35055
41183
13803
48623
94237
44736
10618
12673
71221
53852
33640
99989
10429
64222
53042
23770
22115
96003
72106
20482
92595
83903
33202
25974
99017
56204
18535
49661
28992
21537
73297
77390
94081
30126
49799
19729
79310
33337
82889
58330
65768
96358
62416
48597
97148
53818
52236
76262
14710
72766
76615
91175
56338
85678
69469
26525
73650
76962
16459
23714
34179
56954
65778
96259
96387
24248
88097
96102
28741
80716
46069
90890
61396
85033
43111
74899
81953
92103
21990
48714
16376
60934
87101
90928
59316
96253
15379
95923
93123
37511
82591
84786
38918
44692
24223
21032
58654
36694
29467
67045
33657
58718
99329
84628
17704
66880
68726
59240
46822
61306
11416
89982
61791
76886
41721
62590
64645
26125
68059
61534
35697
27147
15470
42573
19105
60768
30060
79102
25526
49091
36197
87656
98985
10077
97467
58689
81649
31392
48308
15603
58152
99635
21926
11389
24130
10744
44583
46734
56165
96199
32480
58112
53127
25208
22511
60179
70443
30745
83021
73822
65267
67813
63435
42595
75321
80083
13672
87838
18552
56579
14913
20642
61745
92631
54313
30352
45297
91647
42287
40159
52704
61170
31814
80896
70710
70601
67073
42454
89864
86824
87626
83404
92997
84460
11405
30049
76909
95678
14525
23102
45271
68430
49325
31665
32784
71021
83360
80507
38642
54596
79767
79940
56934
23355
91880
98108
39370
82847
93229
12385
35881
95552
96969
83564
87966
77052
44521
79058
56642
64153
58914
49120
26455
60234
83457
18291
17370
31037
43518
56374
24649
82026
40041
90811
31737
62367
86691
85362
44743
64312
72892
58171
44960
28215
25076
41645
94030
11763
53097
48440
54990
14787
53850
37836
56856
39205
38028
11399
37968
85945
21622
30503
86817
81750
63149
23915
37959
91047
10668
89386
79399
14750
14107
53697
51785
36504
25066
65645
23319
24200
20997
95264
85592
80656
79416
49515
60453
97994
59236
69612
73434
73291
30349
55432
87563
28419
63040
82013
50824
25407
59668
46080
83098
21961
54335
98361
24588
27231
56745
88044
66723
31094
78711
98685
91183
71569
78268
49034
91429
34175
78245
80519
61894
43810
27238
21032
93617
53225
91536
22251
78171
54256
91656
74084
31941
80452
34382
22658
82867
73391
84874
43139
14748
76403
91134
36628
92067
42015
11448
71298
22977
99599
20794
95590
20937
12511
98150
86561
97073
10150
52614
14458
17853
35805
86360
32861
23770
31005
50243
30203
60364
22222
83819
96860
89297
62214
41194
22671
68025
75411
79930
55714
87775
93077
16873
82131
95460
89184
72658
11043
66465
16835
82575
21077
93782
73317
45985
58615
80783
86073
55934
74656
41164
60402
27845
54661
25161
23680
73998
78236
27208
88909
79419
15247
48777
86648
97877
26188
83827
77179
71977
56358
40691
62215
28696
36498
14915
73694
36873
57232
28164
26819
28910
33609
44279
54599
31238
29628
58490
82680
83096
17011
12716
33639
10359
55829
38648
91551
63367
20932
11522
21289
17814
77585
25130
58716
93020
87371
34098
61479
46352
29332
73665
10919
71638
52284
79963
98777
95612
22929
43999
66736
63985
54657
95996
28405
38318
91811
82972
22493
73775
20139
50656
69168
85089
16702
70329
43168
12694
99481
62760
30319
56412
69008
54745
63267
62790
98947
43066
49439
11777
22358
83070
33830
20227
92408
22475
58857
12384
86641
72697
98891
47666
87098
78034
96718
11740
31965
72996
71032
60467
27133
51392
58704
68685
92874
10740
32267
67530
98893
63961
50150
85497
89008
89489
74455
52646
91616
81026
17848
82644
79265
34967
67587
62058
69626
28809
54399
94701
81449
98699
98678
84787
56908
64158
15293
60352
42686
31019
85079
37335
22275
39061
53050
59774
16535
58805
79338
10921
53148
87548
93231
15888
21874
31526
47286
14755
21960
64422
92282
88419
11421
89216
14653
15602
13899
96920
32880
42170
34022
69846
31960
24433
14174
73918
62160
89743
84185
59773
81562
22129
31149
85315
70165
51220
54776
19068
80066
10858
20975
92945
22017
35816
81876
80726
71826
71902
76480
56058
63595
22624
99336
29874
88774
68836
96150
95470
66071
66568
86390
95524
68990
54138
97045
75025
92579
86872
75071
20924
42650
49269
25542
98505
36900
74569
41801
40582
46422
19860
76971
70682
65486
12961
89620
19784
26417
50475
21407
80643
46770
86763
38031
58010
14271
65537
50458
70687
15623
12926
54684
92412
59743
82235
21377
47432
52647
54821
50340
17388
60763
87794
86578
30249
21935
88420
63851
55564
11016
94693
34042
29577
90583
59994
40218
58819
35043
70598
90733
97598
68752
25260
64280
91786
72148
59955
52746
65279
38032
74005
49098
86086
91368
89891
86158
90815
42699
19566
20015
20664
45967
12330
25762
98655
84715
56088
22501
45977
10411
24161
11617
58893
81540
73755
24686
82535
36110
75532
90739
43345
30308
42867
84390
83336
78015
81457
23758
72297
71794
11142
46644
87019
61219
67104
94658
15021
74738
99801
78171
33009
91377
55968
48288
38976
82583
27343
79079
96905
94595
62850
46259
76097
13715
34418
43563
78711
35407
51252
81869
27856
44708
93211
76681
94410
53377
43974
92164
68871
96075
38661
76928
93708
25150
82684
40853
52611
60671
37733
23086
63517
31275
29613
75586
54549
20270
47157
87248
90700
38034
74798
96563
21505
11883
45816
47355
99708
68273
54597
55491
29131
44764
48234
32358
37898
97054
42017
12646
35167
80024
17898
23060
28325
90654
60083
48641
60115
61411
76078
29880
61859
56961
95038
18035
93083
13839
43787
65590
50032
59230
85438
70869
87821
70463
27368
37187
20641
24144
41320
62030
37311
39875
44054
47191
82762
76461
91472
26822
17921
83533
78228
86197
86820
30542
15791
31044
63759
23638
48899
90971
22966
40536
23867
45627
77656
67697
91484
12969
18218
43816
83664
86641
43243
10545
28349
33007
24838
22223
93654
33549
81033
68116
49795
57437
39085
78183
99808
42800
36091
14063
69847
71619
60100
69458
51992
61901
11673
23154
15937
10569
19593
72953
36741
45792
93873
98587
32826
61718
48582
25440
39983
72850
66429
73920
68944
16869
97753
92689
98136
80606
82532
36921
98007
14227
19960
52806
69087
65819
83263
51783
79937
31390
34226
41916
94674
45186
74265
10438
90187
72663
98005
63344
63594
92418
24879
81751
73542
42379
57488
65770
97509
75139
36843
60442
32925
47798
46728
41870
89969
21677
60624
41696
72901
88710
70245
53973
19376
96502
47124
95731
70594
16741
99244
77294
37005
24622
48787
20625
96239
56380
32687
96959
89090
71967
52138
50914
47811
67170
56471
84086
41902
28181
45365
27102
94467
91336
44667
92351
65028
48047
38533
50509
81680
63304
64413
33236
23144
39335
91485
56500
56342
41853
54394
19044
41269
76758
85022
88708
26263
51264
10117
50552
96138
40668
37358
60447
84612
90554
54689
75414
16177
44643
90522
44430
34980
74133
28585
71318
70281
73724
82298
82379
76553
69945
69482
27291
20346
81709
62977
73071
70533
23683
94256
66754
46708
70181
52877
65350
49502
34169
49418
47562
29344
28850
35202
53051
51700
81435
90461
90767
76017
49741
29474
31348
94200
30911
24307
97065
70711
82838
84097
51371
89113
30280
33788
52860
77561
99756
19312
86995
54478
81937
54509
81214
59674
18505
40937
85753
59061
74866
65974
58091
76253
90890
88532
16523
22566
52332
18914
16971
84521
48140
85015
13885
84693
90107
24694
73248
53270
79773
94111
30949
73834
92731
20958
13232
62227
67362
19792
45558
84487
36185
11095
32251
57262
33560
74944
17567
81657
27209
37473
28447
66785
16682
91190
78925
55675
54146
54111
54124
83899
46063
29102
37822
21096
99030
97026
92645
59095
84057
32491
44810
16848
50617
91470
48810
89191
59139
29705
77526
85694
95491
82257
89649
29389
15218
90592
44068
60336
36849
81938
98613
66932
60611
61145
41194
37299
81323
77154
39175
98802
69504
55445
64790
20304
96864
75730
57973
70219
81910
98295
91042
98655
68088
41904
43125
32991
33609
63222
66696
98169
99673
56679
21484
95656
40885
37865
10449
94242
18539
53605
28673
78886
42701
13212
89530
61219
65093
80303
67228
88652
97027
68349
50967
70208
63482
36104
40666
35974
63131
57130
98013
85061
91428
56429
28815
79248
61350
21551
51585
14968
10950
31573
37377
43547
40702
55742
69762
79850
12440
31229
33597
87375
84751
72239
65086
99895
27028
69448
49746
12614
55909
10404
84429
73935
29974
74908
82883
62486
59799
77892
79216
49219
67174
18342
66045
50999
48141
40575
16490
21598
95950
88642
99836
27415
26783
99953
19509
43115
42897
44829
19843
69119
86019
56480
76078
10789
34119
80611
86631
91188
32464
50464
12790
92832
58722
86738
33395
71103
77627
78724
89248
51988
96928
66955
37762
23729
58818
31239
83563
29193
19904
36812
81401
98751
42794
67522
34392
33585
13692
44435
52402
34646
10461
31490
79702
20689
96114
87247
85104
60467
63228
29310
90308
30946
79830
54229
35442
22308
36994
42137
32221
10381
95956
59624
63824
25825
59595
48012
81556
34278
18764
37648
43158
80554
12957
41566
73307
54838
46096
24743
95006
69947
24984
61232
32632
36529
59486
37724
45813
93287
77365
15662
26847
88649
36788
58499
99264
10827
88571
56082
91514
78707
11690
92970
48162
17430
26226
69081
20172
94855
95196
15012
22821
27321
43555
62553
63371
97687
61742
21323
32965
54118
67254
31574
31607
79614
97624
70787
39331
51743
45166
99738
93392
74060
14682
48171
72429
28712
11094
23931
85619
85105
17981
79311
23632
99191
57517
54819
46806
54225
89474
95059
43848
39477
55113
55777
30182
55620
21577
95021
78212
25275
34660
46976
44330
62356
34219
72588
41087
47691
49536
19493
94922
41116
15896
23379
67281
25802
44194
21828
17760
65126
78456
32903
62100
92255
77593
36300
18595
40842
37511
69342
17831
48050
69255
84091
61138
32797
32544
59788
42220
11010
28045
76300
17840
54759
25824
57577
23175
29958
79204
46388
35450
40275
89119
63903
87496
25338
48170
19822
90309
21051
94985
91570
54611
82267
35330
89705
59843
74725
71950
76584
49946
86073
77457
30116
58763
88566
25589
18570
45254
33112
25587
26672
59236
78578
78499
43574
73469
17006
82826
65749
25589
46015
97888
36580
72034
91515
18145
40045
96147
52589
22087
24915
52147
72724
28644
97534
45710
51836
91463
16160
11975
86111
58036
54953
61436
68378
73402
23179
50743
97966
20544
84444
48053
70467
34797
45772
79014
78329
31565
16299
15549
26045
26997
76530
54564
60031
35690
32006
76630
21981
96715
75143
98850
89735
24359
26143
69056
38506
69939
11640
54082
57508
88917
71421
67841
63336
15532
38283
93045
54853
69681
38418
87670
30698
57629
65388
66967
65615
45390
69468
66143
59000
63853
25768
43455
62124
77507
74683
69688
85626
27395
78517
66294
13840
84744
42609
41840
16810
26064
53058
63731
40451
67252
34672
43499
91209
44755
86209
70162
38028
71500
89572
35882
66939
49586
27441
35168
91976
30480
87019
44221
32297
95458
17340
73071
78623
18302
10616
71905
62635
39609
95809
52313
41138
66876
21933
26961
49683
57687
46008
12642
53474
36053
40037
49987
76410
64468
32850
25724
93068
17712
88518
92368
96112
10739
37062
14110
14201
64140
55159
83681
86306
61473
32594
57521
42710
24545
70035
75664
82081
86024
57555
62207
93073
52947
62111
32713
58982
25756
86575
24999
63980
26640
82150
43098
68677
20143
75193
34556
41703
59149
45502
84335
81947
50069
63209
33165
21353
85556
32159
76934
39417
62984
83995
44369
93672
62929
99498
38020
58107
77796
51111
74153
73800
81424
92152
91034
60499
27425
45563
77894
85637
76282
31575
67556
91270
46457
78928
17211
94707
14836
41116
43214
64680
65853
16665
22649
63058
88434
27557
38815
82959
12697
93850
35840
61969
30991
87533
61810
60302
49754
95157
47730
75945
26130
19579
76769
68503
57934
36436
44777
12783
64029
29632
57928
70259
53372
47145
26359
45368
39389
40331
55873
50443
10000
21099
65338
63489
61942
29471
49999
53677
75798
17273
52601
41501
10226
57827
82767
99007
77294
29324
18355
99253
33545
83820
92413
47887
90466
96599
70303
13705
53323
34911
98656
41743
70165
60649
69428
76713
29077
57804
13045
64954
80282
59262
16382
77557
72486
58979
94129
46522
63687
97948
58521
11009
18901
46128
42288
30820
11115
63770
11829
56452
90833
20576
73848
33138
84379
90428
74760
89253
98868
20626
11919
42902
51541
12701
19086
51803
68805
58602
35010
66509
82543
46337
77490
95632
24941
76839
42542
53910
81342
73829
35029
75042
52701
22735
29330
97848
58818
87389
37548
35777
56829
48844
61223
66325
15890
26616
59235
43946
56846
70678
50741
56628
37243
59767
54457
26122
51670
86716
36051
24848
68205
29286
83746
30980
61713
65996
80791
82592
47356
19801
70946
64195
72172
12260
97332
10641
14078
28441
46087
44439
61025
41796
62948
53213
48936
49625
95610
99903
65012
55706
94355
71173
10632
28662
49469
17817
22328
37183
61962
38775
12474
78117
99071
54203
19550
24054
91668
47131
68862
93036
27247
48744
81298
87101
15911
86400
67074
27416
17648
43743
49249
44459
45797
77507
83401
35433
19268
17650
35655
11971
20842
15459
34153
38799
59563
24374
38989
22577
65039
42020
98184
36017
67350
75848
78762
34468
79372
28343
44718
86321
22524
40955
56328
71918
64620
42606
43663
15286
79462
53552
75407
11037
57283
79057
29872
22522
79469
73994
66735
18997
35288
37183
53635
86339
83696
69575
64572
96416
65633
62681
26204
28274
64373
22260
23699
87438
42540
82709
81578
70943
50773
25691
86268
97223
58784
67101
32693
38466
59565
13187
62480
76300
62201
35066
43444
82745
72146
77238
70346
81842
78515
55432
66239
95261
54391
14894
35723
82194
67313
13376
20707
36352
22637
31486
54934
78624
77738
30498
33278
37814
19629
65207
13892
90045
48957
12963
62739
94720
53383
20941
45830
15084
75101
79012
36584
81895
83479
82921
52594
47859
38141
57154
95016
90506
89225
13871
69753
84953
24545
44498
88751
77833
70918
54501
41403
38896
47058
76720
60843
29114
75299
72539
27067
17117
98325
87260
18093
10203
94569
13598
61242
34337
92642
53970
73989
80284
68230
51670
66618
33425
19944
43709
30925
88879
52692
27700
49112
32882
16610
43225
44458
52075
82748
17473
67368
16232
60722
23277
99072
90500
78676
27805
28732
58424
71493
23964
52535
50757
73580
70356
47539
20693
59885
33974
97399
29276
76917
90494
86076
65325
36682
74894
16087
89157
55891
43325
59651
17741
64098
90825
80617
71339
19246
39597
77471
23168
39066
32577
52060
58300
97106
82410
32271
64335
80578
27852
71847
22777
46927
34969
64253
28926
93225
31699
86308
77956
92428
98364
73367
32576
53321
40215
65586
53885
86516
23640
37067
41437
39471
28332
26216
23885
89372
49116
19459
61141
95539
59988
88778
22206
98291
89192
38017
48712
72231
85155
67225
10907
39921
80901
91787
20514
58160
76444
65588
38869
66181
32744
11659
76113
22251
12961
33901
85731
26192
23778
13192
53624
41450
61581
69423
27250
41402
58970
49761
52608
78030
64809
26640
89852
87808
61948
12689
81789
78384
44362
67097
38275
21146
88004
28180
44051
18292
15741
47654
14761
38010
82871
81854
25255
88928
15174
95678
52542
11001
18396
69793
12196
81221
35331
84298
23854
66728
64256
49111
58107
57061
10966
18870
43019
32106
59445
72229
13552
82448
10907
56939
40091
36632
88283
73289
93145
96551
87915
98063
85315
10000
22982
56019
61250
79878
62162
97066
45638
11549
22333
57430
58520
96355
75185
13560
47470
71964
65681
18866
71714
26458
53550
56057
64863
20198
34289
20405
22606
79151
99518
12831
84730
79520
25428
96114
63213
47742
29071
14053
97609
10034
14952
70125
51053
67572
40866
52684
31855
53472
45095
73996
97166
87458
58281
12453
15255
48587
55380
96685
92947
11661
62620
79237
76595
50671
40278
40724
48373
51603
12639
18046
64655
40046
20729
39916
85296
85641
10317
99249
10936
12346
10238
34180
99628
61082
27616
66602
34434
13215
41714
57369
77913
39007
53423
67806
65939
23049
68109
15895
40862
63265
54966
49662
63477
21855
98312
78044
53352
60944
10584
88887
12565
75649
81116
63652
27385
37110
99894
41649
52715
44578
44144
85249
51882
82661
23248
69564
98711
82126
23464
19287
25074
17477
68088
58547
60752
86474
25767
22573
10722
72854
62559
57538
75920
48262
31921
40412
73901
85400
95557
36543
43391
90382
26940
87284
65960
15791
69232
39363
34077
17676
78582
99401
78195
17172
96408
58326
88996
18564
48752
43895
45715
34333
23751
59776
79514
82923
22692
39901
21824
23697
52207
48520
32453
36214
10347
45530
20434
51630
99292
15842
98138
84703
53007
59688
31771
75018
56278
22887
93155
91935
41542
62885
49057
22421
52572
93567
59146
54633
53519
54178
27519
34757
67570
20575
53745
64309
46644
28900
89132
42253
34388
34974
14964
64021
37112
95664
94131
40815
43028
86799
30734
76503
52752
31977
84312
85335
29277
50367
51202
90882
41471
52351
79832
69182
13592
97617
51218
68876
35182
13386
14261
11753
83228
47366
78752
50306
76689
14648
82931
89921
78701
25967
45410
45363
16544
56480
35492
33357
71886
88431
43887
95200
34562
51350
21688
81742
63260
38557
83474
47379
42990
25648
87483
88695
65214
51882
95262
46332
70081
15508
56508
71015
34757
20098
56121
54568
17509
16534
54480
22571
93483
40519
18266
93996
36199
38022
30317
57186
27423
37184
75759
69515
53823
37585
37222
94381
90680
83284
97630
33100
45518
52604
92305
91822
75208
90029
71136
66213
85045
44264
16364
50311
80628
71743
34875
66502
87363
54965
98915
70709
92622
65952
19730
79141
74335
25079
62463
64315
54727
96253
11999
19314
26388
36518
60765
79139
72200
10227
61139
80420
24046
63551
34290
72016
47389
68075
80393
98081
14662
78118
40592
74805
97661
87358
14426
62994
56864
65105
65392
10114
87042
25987
91936
84368
83571
85642
60821
14676
50333
85330
86792
95172
88194
76263
51459
20192
97475
88758
61427
78562
73559
84772
50800
75522
29866
16972
88329
48935
73440
37601
36766
30869
68985
78124
40158
38447
52048
36637
53836
12864
47736
17165
48646
24017
36738
42224
40747
26910
87300
65037
63789
21334
53163
26895
28250
20753
53743
61078
80135
18165
90686
69932
23616
55864
46179
95962
74865
45051
16862
59056
82591
88055
59253
16097
99282
33189
10517
26037
60630
13261
34938
92895
20353
54106
52274
75566
98283
41516
90016
60749
55446
46758
20600
58187
74288
89439
18870
36653
55753
62322
65533
62413
81017
15859
97749
12425
48448
64933
30198
26728
10992
26010
28994
81788
38528
13650
64761
11891
18433
10180
89864
60218
38518
46857
50434
61042
79850
32487
75123
18167
60478
55640
46438
63874
68059
22363
48543
46711
85692
12807
78890
57663
13970
83084
67699
44805
33234
42360
98304
80648
83444
62115
44419
37652
60651
20793
27104
53577
50419
39924
48000
18708
37715
52913
44113
65209
94926
17662
99765
69334
90150
83120
10930
89400
51213
46894
23746
67769
81681
39925
59612
62321
28451
60514
70403
54737
84035
97543
81555
35552
19764
73530
19273
20263
22209
46354
87885
43997
55527
69444
55274
45312
22593
85027
18794
83705
88552
83470
36164
33461
16596
65817
59865
62514
68255
70498
18856
71022
31996
94223
27884
15800
59233
71648
86628
39725
60399
62207
41479
19754
10266
74982
44590
72275
25227
68133
79209
18379
55705
88112
47863
71008
11704
32924
60971
87437
81927
20503
78508
50552
97143
17295
84341
45213
99641
37015
59923
27586
70380
99642
65180
75170
23683
15800
78521
84532
13084
44534
10134
22105
30420
12542
93037
92271
71111
85270
57993
48755
38007
50985
12068
57895
17386
23525
45188
34702
16173
61585
31507
18749
75616
93354
12211
21597
68766
16333
68345
24955
67163
39354
60897
20745
17853
66307
41488
18434
15367
21184
72552
58564
37489
31646
85103
60215
18473
50968
49643
62551
33789
36535
56063
50790
81881
66056
37623
99964
45982
73218
70219
16433
36518
77782
36041
62378
83316
69623
47180
66944
50036
31626
58738
35393
68645
90405
57461
53796
33026
26681
18941
46984
86478
14336
45101
83167
84375
59355
99167
58639
81237
77519
44494
36184
98015
94940
63740
89641
30043
14133
99751
60364
72939
87872
44392
27217
63419
76593
57744
36262
62568
92081
24945
77493
82222
44437
58380
92648
12399
49696
84174
25495
32354
29230
16324
21748
59711
28325
37907
84687
68391
95474
61598
94023
28601
48393
25571
26463
12384
75922
20759
12650
17338
29425
94951
42719
54022
62158
81472
35834
49484
37771
18572
55637
50914
14840
88120
62934
72948
83158
15738
26775
28266
61626
54560
79604
95101
27631
29106
73075
67067
33366
86877
78678
46103
81298
83143
70115
93554
68574
81602
40923
13582
85856
12662
22444
36676
73913
53089
32655
37611
59653
77325
91471
14032
22210
68984
28970
87365
54049
16825
57245
26415
95114
54841
55834
24234
81739
64745
69990
28574
31999
67391
91408
66162
15513
46187
14328
74926
96863
29669
82143
57751
22205
84833
65727
10299
90008
96040
49379
62124
56064
66996
60848
52064
24004
45184
22477
27983
61691
37120
32917
81269
93798
92263
49019
19048
31182
12292
91921
66435
94247
19507
77417
95606
13742
73506
42374
54616
29807
64567
39067
54502
61340
39439
46213
28263
25493
84489
47425
16392
49113
29747
69683
52036
69248
69432
22549
47437
85505
41214
42542
55057
44070
75759
26504
28270
10506
76038
49052
51662
22444
79320
43899
29884
99794
84436
59159
17568
13360
68390
54565
17467
85323
33477
18721
36316
84764
89868
48946
26766
49323
56967
37120
41906
46896
56281
33182
66633
30311
35459
26967
46430
52969
41046
63199
90120
57022
35519
25883
99871
62924
72610
59466
35105
19058
21175
53112
96322
16351
53842
51883
44961
63202
79506
67433
53293
61328
11345
97324
67360
90537
44025
91394
76847
95059
22485
11538
95492
62943
55666
63546
61542
26659
18087
10876
68891
59573
20801
21324
47289
97482
65037
84588
42348
96766
39727
19844
54190
26318
16628
89369
25669
39468
72940
46716
38788
81752
78698
45932
51589
35442
24436
71234
11060
23611
45107
50413
12789
56747
84247
52783
21054
94944
40198
36837
94162
24236
68558
68577
53184
57389
85333
12255
23724
37485
82308
98102
69232
77627
34801
13205
96605
41981
37569
61170
15924
17713
52106
56051
79093
18814
33497
37342
14327
11967
74808
14726
10080
54245
12863
83457
37349
34699
44942
33466
69276
69590
33679
12319
62468
70745
37252
69941
82074
71155
76431
36085
96179
90515
89312
64280
76324
22430
47301
37814
63439
75390
35908
62107
54820
14446
10943
90583
44287
35838
62178
13098
43312
74262
66819
18944
11869
95795
23362
63096
27043
78074
40998
65036
24785
47527
71645
66633
30844
41965
61073
57061
88221
27927
62430
79785
32379
34261
41677
61522
35968
68569
12685
59573
57813
78074
39977
67593
69855
89493
62361
55441
14617
53335
31293
48930
67129
60526
88995
21233
95498
61459
74777
37723
28738
15745
21188
19162
48839
54949
61777
96404
93786
85036
50945
22694
63849
20148
65867
13656
98719
97905
83365
34491
49857
69602
35797
40398
42746
31220
40186
15086
57922
19118
12968
20834
21151
23038
56615
62780
97409
86573
48880
82940
26676
61382
85913
64196
78444
65716
94615
40481
52765
97193
47461
13517
30263
50911
93989
58696
53255
50065
60082
48845
21232
15096
81587
66332
97358
62651
10057
83313
44858
24265
11229
76539
75560
19876
65764
59278
45520
63930
41888
27201
42266
51017
73148
82005
24228
55724
26757
68157
82108
55399
78299
29312
50577
64170
33003
43726
48452
64471
21754
26415
47036
32653
71959
30450
90476
75781
75717
76376
77235
60566
16145
82462
82617
27692
90525
21653
20265
15385
77276
36648
14231
63688
32572
15780
68503
59604
89968
89480
36124
57038
94518
82737
91428
61004
81782
93331
55805
71783
24851
57698
35227
81369
70514
59760
29308
29665
27720
87247
59558
33095
22631
52836
21142
27787
70574
70849
14548
31486
37104
93963
96588
20730
88813
32972
28989
32856
79736
31877
73252
45910
67267
13059
79092
47119
61518
48309
48173
14199
94323
20396
48391
11907
73617
20442
67092
27862
29161
89193
54253
11413
26564
84317
25600
48094
17757
90315
78575
89882
37299
36891
73992
12144
54494
53286
48151
89720
43609
89828
76181
82842
83609
99777
58755
71801
33729
69946
83589
64010
75954
70999
46666
50808
51946
66328
80777
20482
55863
85131
22566
60091
41978
10349
18145
44650
38494
14987
37845
58121
27124
66226
14081
36937
36425
42436
26800
95449
85503
29683
42025
41411
62593
60717
74510
20250
94840
51309
19445
85293
30877
24903
72666
99753
85849
54630
68039
80497
48041
44957
46462
13869
79932
53002
95299
73467
13572
55846
30507
28330
54302
45624
23190
14665
69219
59672
86580
12129
40870
70973
51382
51887
59178
88809
32255
26097
52283
52968
23016
67745
39819
69093
46433
46855
23750
85684
44668
46906
62805
86592
89452
25343
53778
50027
76775
19783
57603
84648
10230
10538
50196
71144
90712
11591
34066
90214
68104
90840
95991
14465
20877
83533
19921
27553
44629
46702
95809
13811
66459
69724
83322
20369
59945
66460
59237
62269
72596
64960
60625
73232
19580
51307
48616
85498
55508
21272
55765
98729
22542
43096
97713
69613
53304
41864
75266
12547
74678
24757
97902
42797
93818
45529
41440
44483
74846
93746
36603
62629
88575
32126
56869
39188
24381
49957
34164
28283
41052
72565
61749
75922
44118
62233
76699
64578
88619
41193
79463
27336
85935
23696
54866
80206
39175
87765
19841
42202
49371
36502
17393
43124
89699
31836
71677
90157
89221
89815
39157
26272
25661
63903
98484
41661
73904
85861
35774
60521
91451
73759
30580
45947
81748
19441
46931
79418
17748
72602
31004
24637
29550
78216
64486
18123
51116
15430
68149
47223
23790
82882
61086
17579
41998
78861
53971
69287
64273
51936
25247
12640
82315
62306
18563
45390
94745
20342
41710
23571
87379
22433
59904
79624
78979
48275
82924
89471
55955
40247
71985
54241
81080
47874
74339
99675
38852
96518
22513
57357
92394
81838
36799
20272
72335
39393
88545
30860
35479
48269
92407
59689
59162
77491
93012
38966
44750
95052
50653
40468
24201
24062
48401
64857
65925
60122
23723
18267
89770
24705
47419
38731
89557
87320
73202
92010
33130
75648
20747
12121
87825
87047
17457
12651
60878
23797
48063
82558
53854
97495
17509
37731
25898
76751
13386
86046
45816
85146
37811
87367
60016
22689
82878
87274
85181
78266
65546
67104
25193
66377
53817
13507
11138
95128
60711
78100
14313
16976
52052
58722
87888
83369
19376
38721
30915
82106
64421
22423
56881
88856
60365
17711
65854
74982
46237
45722
80628
26047
24312
75439
12064
16180
82552
81860
49003
99765
10636
80097
20392
87188
13378
52014
81048
33784
33530
60852
42776
85158
55480
32367
32989
26176
19589
29251
76883
80886
34372
66478
18593
98532
84389
63528
52412
67901
39539
40542
42029
57788
25432
56601
14809
51417
81647
34307
82534
52990
35206
39640
93529
38038
62091
73920
14517
94951
21668
47518
83691
81305
11027
78604
61412
35602
83674
12553
51231
66807
96224
49449
99824
53159
77266
65344
20513
99419
11645
15140
97803
50971
24567
16889
91085
37111
69161
26872
39947
65606
62144
77514
34901
45486
78987
98323
39134
27579
70742
54029
44683
43463
59330
22684
58051
52294
43793
66865
47402
83079
92380
87002
57971
20349
72949
61006
69074
18751
90168
60157
79205
82796
27136
67928
37911
77651
62152
96372
99241
71913
41103
39400
47032
24554
74527
68521
56052
47377
62671
12407
98084
80173
66158
92408
82804
10716
30178
43292
90151
66354
19547
12790
55229
81620
81071
21405
34367
87764
11907
59421
90642
63927
61978
87843
52972
35153
79810
80196
78533
50791
51147
81046
39290
79526
72014
21072
22510
99149
10567
65875
37744
12283
32579
30253
13474
10282
16872
26765
40466
92733
45510
77030
39073
65523
27850
33130
20741
87173
22063
52336
53969
64434
39417
19745
62590
80001
52203
76538
96870
68782
87478
90185
45110
23211
57650
83038
44285
71180
18969
17912
42832
36358
27498
67961
33302
95233
66185
73566
61922
46062
50320
60349
12869
98764
95167
64852
85810
82522
20771
82269
68615
40390
46573
68440
36483
78553
19911
59980
15931
37238
49544
89265
24158
95264
60319
17459
40765
65864
75514
62080
22752
18407
52211
61795
98101
96515
90444
51404
60200
18597
63277
15024
17399
71669
65047
62945
50615
10162
88513
74337
93404
83263
42680
59527
60497
43196
70896
34002
92134
12059
32261
61033
15914
62895
62681
70384
23714
67177
96417
88088
23759
53140
97426
80390
25227
62787
63744
91750
62335
87885
34721
83006
76997
74433
68555
97893
52222
19434
94123
80616
71828
28389
99914
38593
28223
95638
39543
83102
58028
23140
63594
45058
34460
55725
78001
41101
80140
90883
95428
76523
84755
72738
32566
28340
99367
49950
56462
74108
61753
41601
37071
92569
70458
42274
15540
53452
30368
90779
66663
37100
43495
27317
38791
51142
42765
98886
20990
96571
16598
32756
41132
32184
66932
21626
48448
84062
57626
48762
33333
87502
64804
63488
68673
86005
15241
62275
66412
74460
66651
99551
13143
88439
53546
41345
77165
41672
22340
22649
67750
45133
92158
34584
46284
69126
31402
55436
73535
38601
65927
67859
54176
60343
36067
66427
18684
61603
53037
19568
44466
12715
94714
52171
95362
84171
30527
21199
61999
58808
62840
51017
47809
11547
53080
79314
88229
99476
27422
67639
97265
19526
42489
26010
97953
97363
26759
97275
41288
49405
21680
79697
47577
26695
61721
79388
85437
44568
63916
44681
98868
95859
91585
65559
99853
17831
27360
15081
50370
90014
38670
19935
10319
93978
68300
22608
59151
82962
49318
65849
97157
59249
65406
57031
97066
38618
42621
20206
75555
65697
56623
62682
95645
98384
56848
23319
97006
87077
98641
30149
57653
56833
79515
49862
56889
82200
70323
73789
56605
56194
55615
43210
74967
25918
40072
13722
58551
27754
60200
22004
50364
45416
61631
78732
66782
86066
28229
47712
19076
97456
61415
41039
98786
44440
81956
46558
99967
84434
21257
62959
64454
70947
96233
82916
91070
83599
81392
67697
65497
73070
16625
39061
47192
82692
12339
66399
10256
98616
83767
42572
28133
12499
92235
37766
98786
21019
84197
54236
12136
11563
41386
97382
58479
50732
69948
40367
54089
77514
98405
66959
36763
56911
54685
40508
54277
34038
75653
95653
90942
44213
36989
68446
88860
69482
79302
29608
56914
12873
49726
86193
79756
36440
35258
54874
75287
88674
11449
17072
85281
47354
74683
69226
89047
17513
32598
73961
54361
51906
26021
33295
81246
47640
94172
48909
75163
87956
85985
64330
16196
28886
46966
11485
25085
14005
52577
79368
87924
63595
93089
46358
86190
70113
58079
17362
56034
16015
13600
80097
69977
19147
97511
47341
28887
79128
95032
80554
61069
93737
98559
43544
63319
71535
70879
82991
91371
83772
84412
59335
73325
13036
82099
82147
18485
67653
89025
37314
26345
54416
77514
99187
28775
77649
15247
61118
25193
89062
11041
91903
39329
42415
81004
22728
89303
22069
10404
52592
75932
10918
47346
84904
15269
68632
32142
31133
93923
17321
17063
49085
28337
27706
68567
57537
52329
85295
16707
91308
90195
41985
31506
94433
40658
83114
58523
25361
44554
49168
49295
10806
60989
53840
36629
72055
63005
77505
72755
27157
48034
18894
63257
66121
61316
48746
76335
77303
19839
87904
98226
85466
28390
11383
17953
47064
33899
39460
63272
63003
90381
19662
54016
45383
97903
61455
36956
22889
65147
97259
63630
51725
50723
45020
70975
20528
89635
62890
70714
76516
51271
37444
48441
46226
54242
35178
82253
90126
92857
11015
57243
40100
78386
23304
75512
17593
28664
36218
64344
91996
53410
48747
11989
49469
34589
98365
77536
99709
43455
61605
78824
89580
76808
26653
69517
60655
40249
72811
79326
18061
21105
16598
92196
58848
23848
44107
92204
35195
72553
96998
70798
46763
28498
14664
21407
47509
29167
51384
71994
65566
21615
38004
59132
45934
14970
35055
41183
13803
48623
94237
44736
10618
12673
71221
53852
33640
99989
10429
64222
53042
23770
22115
96003
72106
20482
92595
83903
33202
25974
99017
56204
18535
49661
28992
21537
73297
77390
94081
30126
49799
19729
79310
33337
82889
58330
65768
96358
62416
48597
97148
53818
52236
76262
14710
72766
76615
91175
56338
85678
69469
26525
73650
76962
16459
23714
34179
56954
65778
96259
96387
24248
88097
96102
28741
80716
46069
90890
61396
85033
43111
74899
81953
92103
21990
48714
16376
60934
87101
90928
59316
96253
15379
95923
93123
37511
82591
84786
38918
44692
24223
21032
58654
36694
29467
67045
33657
58718
99329
84628
17704
66880
68726
59240
46822
61306
11416
89982
61791
76886
41721
62590
64645
26125
68059
61534
35697
27147
15470
42573
19105
60768
30060
79102
25526
49091
36197
87656
98985
10077
97467
58689
81649
31392
48308
15603
58152
99635
21926
11389
24130
10744
44583
46734
56165
96199
32480
58112
53127
25208
22511
60179
70443
30745
83021
73822
65267
67813
63435
42595
75321
80083
13672
87838
18552
56579
14913
20642
61745
92631
54313
30352
45297
91647
42287
40159
52704
61170
31814
80896
70710
70601
67073
42454
89864
86824
87626
83404
92997
84460
11405
30049
76909
95678
14525
23102
45271
68430
49325
31665
32784
71021
83360
80507
38642
54596
79767
79940
56934
23355
91880
98108
39370
82847
93229
12385
35881
95552
96969
83564
87966
77052
44521
79058
56642
64153
58914
49120
26455
60234
83457
18291
17370
31037
43518
56374
24649
82026
40041
90811
31737
62367
86691
85362
44743
64312
72892
58171
44960
28215
25076
41645
94030
11763
53097
48440
54990
14787
53850
37836
56856
39205
38028
11399
37968
85945
21622
30503
86817
81750
63149
23915
37959
91047
10668
89386
79399
14750
14107
53697
51785
36504
25066
65645
23319
24200
20997
95264
85592
80656
79416
49515
60453
97994
59236
69612
73434
73291
30349
55432
87563
28419
63040
82013
50824
25407
59668
46080
83098
21961
54335
98361
24588
27231
56745
88044
66723
31094
78711
98685
91183
71569
78268
49034
91429
34175
78245
80519
61894
43810
27238
21032
93617
53225
91536
22251
78171
54256
91656
74084
31941
80452
34382
22658
82867
73391
84874
43139
14748
76403
91134
36628
92067
42015
11448
71298
22977
99599
20794
95590
20937
12511
98150
86561
97073
10150
52614
14458
17853
35805
86360
32861
23770
31005
50243
30203
60364
22222
83819
96860
89297
62214
41194
22671
68025
75411
79930
55714
87775
93077
16873
82131
95460
89184
72658
11043
66465
16835
82575
21077
93782
73317
45985
58615
80783
86073
55934
74656
41164
60402
27845
54661
25161
23680
73998
78236
27208
88909
79419
15247
48777
86648
97877
26188
83827
77179
71977
56358
40691
62215
28696
36498
14915
73694
36873
57232
28164
26819
28910
33609
44279
54599
31238
29628
58490
82680
83096
17011
12716
33639
10359
55829
38648
91551
63367
20932
11522
21289
17814
77585
25130
58716
93020
87371
34098
61479
46352
29332
73665
10919
71638
52284
79963
98777
95612
22929
43999
66736
63985
54657
95996
28405
38318
91811
82972
22493
73775
20139
50656
69168
85089
16702
70329
43168
12694
99481
62760
30319
56412
69008
54745
63267
62790
98947
43066
49439
11777
22358
83070
33830
20227
92408
22475
58857
12384
86641
72697
98891
47666
87098
78034
96718
11740
31965
72996
71032
60467
27133
51392
58704
68685
92874
10740
32267
67530
98893
63961
50150
85497
89008
89489
74455
52646
91616
81026
17848
82644
79265
34967
67587
62058
69626
28809
54399
94701
81449
98699
98678
84787
56908
64158
15293
60352
42686
31019
85079
37335
22275
39061
53050
59774
16535
58805
79338
10921
53148
87548
93231
15888
21874
31526
47286
14755
21960
64422
92282
88419
11421
89216
14653
15602
13899
96920
32880
42170
34022
69846
31960
24433
14174
73918
62160
89743
84185
59773
81562
22129
31149
85315
70165
51220
54776
19068
80066
10858
20975
92945
22017
35816
81876
80726
71826
71902
76480
56058
63595
22624
99336
29874
88774
68836
96150
95470
66071
66568
86390
95524
68990
54138
97045
75025
92579
86872
75071
20924
42650
49269
25542
98505
36900
74569
41801
40582
46422
19860
76971
70682
65486
12961
89620
19784
26417
50475
21407
80643
46770
86763
38031
58010
14271
65537
50458
70687
15623
12926
54684
92412
59743
82235
21377
47432
52647
54821
50340
17388
60763
87794
86578
30249
21935
88420
63851
55564
11016
94693
34042
29577
90583
59994
40218
58819
35043
70598
90733
97598
68752
25260
64280
91786
72148
59955
52746
65279
38032
74005
49098
86086
91368
89891
86158
90815
42699
19566
20015
20664
45967
12330
25762
98655
84715
56088
22501
45977
10411
24161
11617
58893
81540
73755
24686
82535
36110
75532
90739
43345
30308
42867
84390
83336
78015
81457
23758
72297
71794
11142
46644
87019
61219
67104
94658
15021
74738
99801
78171
33009
91377
55968
48288
38976
82583
27343
79079
96905
94595
62850
46259
76097
13715
34418
43563
78711
35407
51252
81869
27856
44708
93211
76681
94410
53377
43974
92164
68871
96075
38661
76928
93708
25150
82684
40853
52611
60671
37733
23086
63517
31275
29613
75586
54549
20270
47157
87248
90700
38034
74798
96563
21505
11883
45816
47355
99708
68273
54597
55491
29131
44764
48234
32358
37898
97054
42017
12646
35167
80024
17898
23060
28325
90654
60083
48641
60115
61411
76078
29880
61859
56961
95038
18035
93083
13839
43787
65590
50032
59230
85438
70869
87821
70463
27368
37187
20641
24144
41320
62030
37311
39875
44054
47191
82762
76461
91472
26822
17921
83533
78228
86197
86820
30542
15791
31044
63759
23638
48899
90971
22966
40536
23867
45627
77656
67697
91484
12969
18218
43816
83664
86641
43243
10545
28349
33007
24838
22223
93654
33549
81033
68116
49795
57437
39085
78183
99808
42800
36091
14063
69847
71619
60100
69458
51992
61901
11673
23154
15937
10569
19593
72953
36741
45792
93873
98587
32826
61718
48582
25440
39983
72850
66429
73920
68944
16869
97753
92689
98136
80606
82532
36921
98007
14227
19960
52806
69087
65819
83263
51783
79937
31390
34226
41916
94674
45186
74265
10438
90187
72663
98005
63344
63594
92418
24879
81751
73542
42379
57488
65770
97509
75139
36843
60442
32925
47798
46728
41870
89969
21677
60624
41696
72901
88710
70245
53973
19376
96502
47124
95731
70594
16741
99244
77294
37005
24622
48787
20625
96239
56380
32687
96959
89090
71967
52138
50914
47811
67170
56471
84086
41902
28181
45365
27102
94467
91336
44667
92351
65028
48047
38533
50509
81680
63304
64413
33236
23144
39335
91485
56500
56342
41853
54394
19044
41269
76758
85022
88708
26263
51264
10117
50552
96138
40668
37358
60447
84612
90554
54689
75414
16177
44643
90522
44430
34980
74133
28585
71318
70281
73724
82298
82379
76553
69945
69482
27291
20346
81709
62977
73071
70533
23683
94256
66754
46708
70181
52877
65350
49502
34169
49418
47562
29344
28850
35202
53051
51700
81435
90461
90767
76017
49741
29474
31348
94200
30911
24307
97065
70711
82838
84097
51371
89113
30280
33788
52860
77561
99756
19312
86995
54478
81937
54509
81214
59674
18505
40937
85753
59061
74866
65974
58091
76253
90890
88532
16523
22566
52332
18914
16971
84521
48140
85015
13885
84693
90107
24694
73248
53270
79773
94111
30949
73834
92731
20958
13232
62227
67362
19792
45558
84487
36185
11095
32251
57262
33560
74944
17567
81657
27209
37473
28447
66785
16682
91190
78925
55675
54146
54111
54124
83899
46063
29102
37822
21096
99030
97026
92645
59095
84057
32491
44810
16848
50617
91470
48810
89191
59139
29705
77526
85694
95491
82257
89649
29389
15218
90592
44068
60336
36849
81938
98613
66932
60611
61145
41194
37299
81323
77154
39175
98802
69504
55445
64790
20304
96864
75730
57973
70219
81910
98295
91042
98655
68088
41904
43125
32991
33609
63222
66696
98169
99673
56679
21484
95656
40885
37865
10449
94242
18539
53605
28673
78886
42701
13212
89530
61219
65093
80303
67228
88652
97027
68349
50967
70208
63482
36104
40666
35974
63131
57130
98013
85061
91428
56429
28815
79248
61350
21551
51585
14968
10950
31573
37377
43547
40702
55742
69762
79850
12440
31229
33597
87375
84751
72239
65086
99895
27028
69448
49746
12614
55909
10404
84429
73935
29974
74908
82883
62486
59799
77892
79216
49219
67174
18342
66045
50999
48141
40575
16490
21598
95950
88642
99836
27415
26783
99953
19509
43115
42897
44829
19843
69119
86019
56480
76078
10789
34119
80611
86631
91188
32464
50464
12790
92832
58722
86738
33395
71103
77627
78724
89248
51988
96928
66955
37762
23729
58818
31239
83563
29193
19904
36812
81401
98751
42794
67522
34392
33585
13692
44435
52402
34646
10461
31490
79702
20689
96114
87247
85104
60467
63228
29310
90308
30946
79830
54229
35442
22308
36994
42137
32221
10381
95956
59624
63824
25825
59595
48012
81556
34278
18764
37648
43158
80554
12957
41566
73307
54838
46096
24743
95006
69947
24984
61232
32632
36529
59486
37724
45813
93287
77365
15662
26847
88649
36788
58499
99264
10827
88571
56082
91514
78707
11690
92970
48162
17430
26226
69081
20172
94855
95196
15012
22821
27321
43555
62553
63371
97687
61742
21323
32965
54118
67254
31574
31607
79614
97624
70787
39331
51743
45166
99738
93392
74060
14682
48171
72429
28712
11094
23931
85619
85105
17981
79311
23632
99191
57517
54819
46806
54225
89474
95059
43848
39477
55113
55777
30182
55620
21577
95021
78212
25275
34660
46976
44330
62356
34219
72588
41087
47691
49536
19493
94922
41116
15896
23379
67281
25802
44194
21828
17760
65126
78456
32903
62100
92255
77593
36300
18595
40842
37511
69342
17831
48050
69255
84091
61138
32797
32544
59788
42220
11010
28045
76300
17840
54759
25824
57577
23175
29958
79204
46388
35450
40275
89119
63903
87496
25338
48170
19822
90309
21051
94985
91570
54611
82267
35330
89705
59843
74725
71950
76584
49946
86073
77457
30116
58763
88566
25589
18570
45254
33112
25587
26672
59236
78578
78499
43574
73469
17006
82826
65749
25589
46015
97888
36580
72034
91515
18145
40045
96147
52589
22087
24915
52147
72724
28644
97534
45710
51836
91463
16160
11975
86111
58036
54953
61436
68378
73402
23179
50743
97966
20544
84444
48053
70467
34797
45772
79014
78329
31565
16299
21051
99999